<?xml version="1.0" encoding="utf-8"?>
<opencv_storage>
    <IntrinsicMatrix type_id="opencv-matrix">
        <rows>3</rows>
        <cols>3</cols>
        <dt>d</dt>
        <data>656.881090 0.000000 480.289859 0.000000 656.354784 310.048304 0.000000 0.000000 1.000000 </data>
    </IntrinsicMatrix>
    <RadialDistortion type_id="opencv-matrix">
        <rows>2</rows>
        <cols>1</cols>
        <dt>d</dt>
        <data>-0.105785 0.068174 </data>
    </RadialDistortion>
    <TangentialDistortion type_id="opencv-matrix">
        <rows>2</rows>
        <cols>1</cols>
        <dt>d</dt>
        <data>0.000000 0.000000 </data>
    </TangentialDistortion>
    <RotationMatrices type_id="opencv-matrix">
        <rows>3</rows>
        <cols>93</cols>
        <dt>d</dt>
        <data>0.838728 0.544336 0.015269 -0.544113 0.838849 -0.016532 -0.021807 0.005558 0.999747 -0.030232 0.999519 0.006908 -0.999329 -0.030082 -0.020876 -0.020658 -0.007534 0.999758 -0.851514 0.524248 0.009366 -0.524332 -0.851378 -0.015230 -0.000010 -0.017879 0.999840 0.767029 0.641516 0.011170 -0.641053 0.766970 -0.028416 -0.026796 0.014635 0.999534 -0.560997 0.827816 0.001313 -0.827361 -0.560635 -0.034092 -0.027486 -0.020211 0.999418 -0.893705 -0.448561 -0.009199 0.448641 -0.893649 -0.010607 -0.003463 -0.013607 0.999901 0.990742 0.134535 -0.018162 -0.135038 0.990383 -0.030089 0.013939 0.032263 0.999382 0.226436 0.973901 -0.015592 -0.973859 0.226071 -0.022163 -0.018059 0.020203 0.999633 0.687313 0.726038 -0.021675 -0.726355 0.687122 -0.016472 0.002934 0.027065 0.999629 0.590549 -0.806864 -0.014938 0.806714 0.590731 -0.015791 0.021565 -0.002726 0.999764 0.991710 0.128417 0.004428 -0.128294 0.991502 -0.021535 -0.007156 0.020788 0.999758 0.073899 0.997202 -0.011318 -0.997089 0.073668 -0.019656 -0.018767 0.012737 0.999743 0.779311 0.498101 -0.380223 -0.626183 0.642123 -0.442237 0.023871 0.582729 0.812316 0.778858 0.551802 0.298152 -0.306362 0.749508 -0.586839 -0.547286 0.365722 0.752811 -0.979181 -0.043806 0.198208 0.133606 -0.874198 0.466827 0.152823 0.483590 0.861850 0.108345 -0.993725 0.027771 0.866647 0.108101 0.487070 -0.487016 -0.028704 0.872921 0.053333 -0.998571 0.003299 0.827031 0.042320 -0.560562 0.559621 0.032625 0.828106 0.819249 -0.327014 0.471054 0.049109 0.858450 0.510541 -0.571331 -0.395127 0.719344 0.879527 -0.265542 0.394866 0.456815 0.703526 -0.544400 -0.133237 0.659195 0.740074 -0.819539 -0.230688 0.524537 0.008021 -0.919914 -0.392039 0.572967 -0.317084 0.755755 -0.998690 -0.050334 -0.009249 0.038830 -0.863005 0.503702 -0.033336 0.502682 0.863828 -0.747004 0.206078 -0.632074 -0.191947 -0.977110 -0.091723 -0.636507 0.052807 0.769461 -0.790234 -0.545749 -0.278725 0.588559 -0.802593 -0.097175 -0.170669 -0.240838 0.955442 0.759932 0.638199 0.123310 -0.578959 0.750820 -0.317925 -0.295483 0.170210 0.940063 -0.683452 -0.700824 0.204304 0.688553 -0.525933 0.499288 -0.242462 0.481913 0.842005 -0.531334 0.579649 0.617812 -0.748251 -0.663070 -0.021403 0.397246 -0.473651 0.786034 0.762823 -0.567017 0.310793 0.348631 0.765470 0.540844 -0.544571 -0.304216 0.781598 -0.051893 -0.908070 -0.415590 0.754357 0.237058 -0.612167 0.654410 -0.345270 0.672708 0.892607 -0.450430 0.019111 0.436674 0.853252 -0.285090 0.112106 0.262818 0.958310 -0.962659 0.234377 -0.135480 -0.140104 -0.859545 -0.491481 -0.231643 -0.454147 0.860286 -0.589615 0.787339 -0.180143 -0.785400 -0.610934 -0.099529 -0.188419 0.082800 0.978592 </data>
    </RotationMatrices>
    <TranslationVectors type_id="opencv-matrix">
        <rows>3</rows>
        <cols>31</cols>
        <dt>d</dt>
        <data>-1143.599168 -418.288872 1889.329163 -1060.415831 -304.641039 1894.414398 -978.245988 -305.768994 1892.557459 -1127.159701 413.209012 1908.579568 -1.173238 491.989674 1908.309723 101.235993 366.731441 1908.447869 924.236549 316.559567 1908.027437 946.428134 458.406177 1915.521710 915.093694 -400.263201 1890.105795 1015.695897 -527.247806 1894.099076 -207.776569 -516.719993 1887.336779 -83.058744 -311.794835 1889.854720 -826.763353 -160.867913 1425.705230 -904.109491 -201.400885 1497.003474 -621.173609 153.474372 1456.884281 85.577659 89.723582 1549.056249 55.424918 152.701501 1299.242583 561.983039 68.185716 1581.395363 575.115308 114.495139 1406.538124 789.563243 -190.466813 1443.438367 756.457149 -218.834681 1438.222799 -9.413557 -180.414157 1488.966241 -352.196645 -128.370840 1087.994618 -577.685215 -2.167913 1028.312530 -287.924610 -98.867296 955.294077 -51.165350 107.157855 912.443944 -55.608710 -168.594172 957.860984 67.377640 -166.994489 912.133693 298.478054 -82.535301 940.639045 27.483743 17.424447 714.788259 -15.158983 93.009118 715.299847 </data>
    </TranslationVectors>
    <MeanReprojectionError type_id="opencv-matrix">
        <rows>1</rows>
        <cols>1</cols>
        <dt>d</dt>
        <data>0.139144 </data>
    </MeanReprojectionError>
    <ReprojectionErrors type_id="opencv-matrix">
        <rows>40</rows>
        <cols>62</cols>
        <dt>d</dt>
